01 08 21 22 24 03 11
01 03 07 11 27 05 09
02 08 09 11 25 04 06
05 10 12 19 27 07 09
08 15 16 20 30 05 09
07 14 25 26 28 02 04
07 09 14 18 20 01 10
04 09 11 14 19 01 09
03 10 14 15 29 02 05
07 19 26 29 31 03 10
10 12 20 21 24 03 10
05 12 22 28 32 06 08
02 05 15 20 31 06 10
01 03 09 22 30 08 09
01 04 08 16 23 06 11
01 05 11 17 21 04 07
08 13 18 21 28 09 11
02 06 14 17 18 08 11
01 03 05 06 07 04 07
04 07 13 16 23 01 09
06 10 18 22 23 01 06
06 08 17 19 32 09 12
05 07 17 27 29 06 12
04 11 20 21 28 02 05
02 10 11 18 20 02 08
01 03 23 29 32 09 11
13 16 22 26 27 01 07
06 11 16 31 32 02 11
02 09 14 26 32 02 08
19 21 27 28 30 04 12
05 12 15 25 32 06 09
03 13 18 21 30 01 08
01 11 14 19 24 05 07
01 15 18 19 24 01 03
02 03 08 24 28 04 12
04 06 18 29 32 06 12
01 03 04 16 20 01 03
02 04 06 14 23 07 12
03 13 14 19 28 01 03
08 13 18 21 31 01 07
15 18 21 23 25 06 09
02 16 17 26 28 01 10
12 18 21 22 30 04 05
05 09 10 25 31 08 09
09 21 24 25 27 01 09
07 11 22 29 32 03 09
03 15 27 28 30 05 08
01 11 12 18 28 03 05
07 14 19 28 29 02 09
02 11 13 19 26 06 08
10 13 18 24 25 07 09
04 12 15 23 25 01 08
02 04 26 27 29 02 12
01 03 16 23 26 07 11
12 18 20 23 29 02 10
06 09 12 26 28 09 12
15 18 19 26 27 09 12
10 14 15 25 30 04 08
03 06 18 20 25 04 12
01 11 14 29 31 06 12
02 12 16 20 32 04 10
01 19 21 23 25 07 11
02 09 20 21 23 06 10
13 23 25 27 32 06 07
10 13 27 29 30 04 06
04 11 17 19 28 10 11
01 20 22 23 25 03 04
01 02 14 17 19 02 03
03 07 11 23 27 09 10
05 09 11 18 27 09 10
05 28 29 31 32 08 10
04 07 13 25 26 08 11
05 12 20 22 23 11 12
03 06 09 10 26 04 05
01 02 13 28 31 06 10
05 06 10 14 32 04 10
05 06 15 17 30 03 04
07 15 20 22 27 02 09
03 13 19 20 25 06 10
04 06 18 21 32 07 12
02 10 16 18 24 03 07
06 07 10 13 26 02 11
22 23 28 30 31 04 09
01 15 19 21 24 03 08
05 21 22 24 27 02 11
01 11 20 22 23 04 07
10 16 23 29 32 08 12
01 03 06 07 20 08 09
05 12 14 21 31 03 10
14 15 21 23 24 04 08
02 05 23 25 30 05 10
05 07 16 23 31 03 09
03 10 16 18 29 10 11
18 19 22 29 30 05 12
05 09 15 24 28 05 09
03 08 09 24 27 02 06
01 11 15 18 28 04 11
05 11 13 16 21 02 08
03 20 21 23 25 06 12
01 09 10 18 25 06 09
04 05 14 30 32 05 11
06 15 24 25 30 07 09
02 03 20 24 25 03 06
09 16 18 21 22 06 09
02 09 14 21 24 01 03
01 07 11 19 31 09 12
03 04 07 08 20 05 12
09 12 16 22 26 05 12
11 12 15 17 20 05 08
08 10 11 26 30 06 12
02 03 08 13 16 03 05
04 05 09 17 32 04 10
03 05 09 23 31 09 11
03 08 12 13 26 08 11
06 14 15 20 28 03 08
01 10 12 20 32 06 09
01 09 24 28 31 02 10
05 10 15 29 31 06 11
12 15 17 21 27 04 11
04 08 12 14 30 08 11
01 06 11 24 32 08 11
06 09 12 16 32 04 06
03 10 24 25 30 02 08
12 17 19 30 31 01 11
03 04 05 10 32 09 10
04 08 15 18 29 07 11
02 03 10 25 27 01 04
09 14 22 29 31 01 12
05 06 16 19 24 05 10
02 07 14 16 23 01 06
01 02 06 10 31 04 08
09 10 13 26 27 06 10
01 07 08 25 31 08 12
03 04 05 10 20 05 07
06 10 12 16 30 03 09
05 07 18 24 25 09 11
01 07 19 28 29 02 09
06 09 15 24 31 02 03
01 06 10 18 29 01 02
04 06 13 26 31 02 03
04 06 27 31 32 06 11
10 20 24 31 32 07 12
01 03 11 23 25 06 07
01 02 04 30 31 04 09
01 16 19 21 31 01 06
02 09 21 24 27 02 05
08 15 23 28 32 04 07
04 06 07 13 30 05 06
12 15 16 26 30 06 07
01 12 13 14 20 05 09
19 20 23 24 30 02 04
03 04 12 14 23 01 10
07 09 17 26 27 06 10
19 21 26 29 31 01 08
03 13 15 26 28 10 11
11 12 16 25 31 01 08
07 21 25 27 32 02 09
04 09 16 21 24 07 08
04 12 19 21 30 01 03
04 20 24 29 31 08 09
06 15 16 21 27 03 12
05 09 11 14 22 03 11
04 11 18 28 32 05 10
03 08 24 26 32 02 07
07 12 15 19 23 02 04
06 09 10 24 31 04 09
06 08 23 26 31 09 11
06 10 19 20 24 02 09
03 06 25 28 31 11 12
17 20 28 29 31 09 10
05 08 17 24 25 04 10
02 08 19 22 30 09 12
02 09 10 18 23 06 10
13 21 25 27 29 06 07
07 09 21 23 24 01 06
03 11 12 22 32 01 05
01 17 23 27 30 03 12
01 15 22 29 31 10 11
02 05 16 19 20 03 07
04 05 11 27 31 01 03
14 20 25 30 32 03 05
07 13 23 26 27 10 12
08 11 22 23 31 07 09
01 12 13 24 25 01 05
02 12 14 16 21 09 12
04 05 09 23 24 05 09
03 05 12 21 26 09 11
11 15 16 24 30 01 12
16 19 22 28 32 01 04
04 05 11 27 31 02 05
01 05 06 25 28 05 08
02 03 22 27 28 01 09
05 06 11 12 23 01 04
12 18 26 30 31 01 09
02 13 23 26 28 03 06
08 17 21 26 29 05 07
14 24 27 31 32 09 10
01 06 09 12 17 04 07
05 10 12 18 26 09 10
03 04 10 21 30 01 02
01 08 19 24 29 10 12
02 14 23 24 25 03 08
03 04 17 30 31 03 08
06 09 22 24 32 02 10
03 09 20 23 32 05 09
09 13 16 21 26 02 03
01 10 27 29 31 04 11
06 07 08 09 11 02 03
03 06 10 23 32 07 09
09 11 16 17 30 06 10
02 05 21 31 32 08 10
03 16 18 19 32 02 05
01 03 09 11 27 03 10
01 05 15 25 26 07 12
05 06 12 14 31 04 06
02 05 08 22 23 03 04
09 14 18 21 27 07 12
02 06 10 17 29 09 12
04 08 13 19 31 05 08
02 06 16 19 27 01 11
08 14 17 23 27 05 11
11 15 21 22 27 09 11
05 08 12 27 31 05 10
05 17 20 25 27 09 11
07 08 11 13 16 05 07
06 08 14 15 16 04 12
09 11 16 27 29 01 02
05 21 22 31 32 07 10
05 06 08 20 32 03 11
07 14 17 23 29 01 02
03 05 08 09 19 05 08
09 16 17 27 30 04 07
04 14 18 24 28 09 12
01 06 07 18 22 06 10
03 07 18 20 28 05 12
04 05 10 11 25 03 07
03 04 08 22 26 08 10
02 05 12 22 27 06 09
09 11 12 23 29 04 10
09 12 18 31 32 03 10
03 05 21 23 24 07 12
03 07 21 26 28 04 07
03 06 18 23 30 02 03
07 20 21 23 26 03 05
07 08 21 22 27 02 12
01 10 13 23 24 06 07
02 05 09 13 29 02 11
01 09 19 20 28 09 11
08 09 14 20 30 09 11
04 16 17 20 24 09 11
04 21 22 23 32 08 11
03 20 22 26 32 07 09
07 10 18 24 26 02 09
04 11 23 27 29 03 12
07 09 19 21 31 09 11
11 18 21 27 32 01 06
01 05 07 22 23 03 11
02 10 14 18 20 09 11
04 05 15 27 32 05 09
04 05 08 17 27 05 11
07 08 10 17 27 04 07
07 10 11 24 26 03 11
02 11 17 19 22 02 10
16 18 25 26 31 11 12
03 06 09 25 27 03 10
04 10 17 19 22 05 10
05 10 12 23 31 04 10
03 12 25 27 29 06 12
14 16 21 24 31 02 08
04 05 10 11 17 07 12
03 13 15 24 29 01 06
10 12 15 28 30 01 03
07 15 21 26 28 04 07
05 06 12 29 30 01 11
09 10 16 24 28 01 03
04 15 16 31 32 01 06
01 03 08 16 25 01 12
02 23 27 28 32 05 07
03 05 13 23 30 01 02
07 08 20 23 25 01 04
02 14 16 19 28 03 05
02 06 12 17 30 07 10
06 10 21 25 31 08 09
08 11 26 31 32 05 06
04 07 21 26 27 06 11
04 08 09 18 23 07 11
02 21 24 29 32 06 07
07 13 26 27 28 08 11
01 04 14 29 30 03 05
03 05 12 27 32 01 05
12 13 23 24 25 04 11
01 05 22 24 28 02 11
06 07 10 19 24 06 11
08 18 21 28 30 03 10
07 16 17 23 32 07 10
08 09 23 31 32 03 10
03 06 16 21 27 01 09
02 16 18 19 24 06 07
02 06 08 21 28 02 12
06 08 10 11 28 05 07
05 20 22 29 30 02 10
13 18 19 30 31 06 10
06 07 20 27 28 03 08
10 14 20 26 29 03 10
01 02 09 14 20 06 12
04 13 20 22 30 07 11
04 21 27 28 31 07 08
02 07 09 10 23 02 10
01 12 17 18 25 01 07
01 05 06 09 17 03 12
03 11 15 22 24 01 03
02 06 07 21 32 04 07
02 12 22 30 31 02 05
08 15 18 20 24 09 10
06 12 25 26 32 05 06
04 07 23 24 31 05 12
02 12 16 21 28 08 12
12 14 21 26 30 05 08
09 17 20 22 31 02 10
04 09 10 17 32 03 12
16 17 27 28 30 02 09
01 10 13 25 30 05 08
05 16 17 19 25 01 06
14 17 22 28 31 08 11
08 15 19 22 30 03 05
02 17 22 29 32 06 11
01 02 07 13 31 02 05
02 07 08 28 31 05 10
07 12 15 24 32 02 04
02 16 17 22 25 01 06
01 14 18 23 32 08 12
02 06 18 19 25 05 11
04 13 20 21 30 02 05
05 08 12 31 32 03 04
03 07 14 17 28 02 06
08 12 18 25 32 05 06
02 09 11 24 32 03 04
06 08 18 28 31 02 05
01 10 24 25 26 07 11
04 20 25 27 29 01 02
01 02 04 19 25 06 08
03 08 19 29 30 09 11
04 07 12 20 31 07 12
05 06 22 25 27 09 12
03 05 07 19 22 10 12
01 03 11 18 26 01 12
09 10 20 21 24 11 12
01 05 12 14 29 05 11
11 13 25 29 32 07 12
09 12 22 27 31 01 05
01 07 09 27 28 01 10
02 05 07 15 27 05 08
02 04 08 10 26 04 06
02 03 25 27 30 10 12
08 11 14 19 32 04 12
06 09 13 25 28 04 09
05 10 26 27 31 02 03
02 05 10 15 23 03 09
02 04 14 29 30 02 11
12 16 17 24 29 02 07
10 11 17 25 31 06 10
02 11 16 22 32 02 10
07 14 24 28 29 07 08
08 11 20 23 31 06 12
03 07 15 22 31 08 12
06 10 14 20 30 01 03
05 07 10 17 26 07 09
01 10 12 30 32 03 09
09 11 17 19 32 03 08
22 26 27 31 32 04 08
04 07 13 18 30 02 07
01 14 15 17 24 02 03
06 09 16 19 24 01 07
02 05 07 10 15 03 05
10 15 20 21 22 05 07
16 19 22 28 32 02 07
02 03 17 19 28 08 12
20 22 28 30 31 09 10
09 13 17 21 32 01 10
02 04 11 19 28 07 12
02 06 08 11 29 04 05
03 07 14 16 17 01 12
02 09 21 23 26 09 11
01 07 16 27 30 04 06
09 13 22 24 28 09 10
14 15 24 25 27 01 05
14 16 18 20 30 04 05
04 09 20 22 30 06 11
13 23 29 31 32 03 05
01 06 09 16 24 10 11
02 14 19 24 32 02 08
07 08 14 17 29 01 12
08 11 19 23 29 08 10
04 08 10 18 24 11 12
12 17 19 27 32 08 11
10 14 19 21 29 07 11
04 05 15 22 29 04 10
02 07 13 27 30 02 11
02 12 17 18 20 01 12
06 07 13 20 31 01 08
13 14 15 18 31 06 07
11 15 30 31 32 04 05
03 15 19 23 25 06 07
02 09 11 25 32 04 11
01 09 25 28 32 06 08
01 05 24 30 32 10 11
03 05 11 15 24 01 02
02 08 18 20 24 05 10
12 15 17 23 25 05 08
09 14 18 22 27 01 03
07 10 15 29 30 03 07
04 10 20 21 26 01 05
04 06 10 24 31 05 08
10 17 20 25 31 03 08
01 04 09 10 31 02 04
05 21 29 30 32 01 06
08 14 21 25 31 03 12
13 14 16 31 32 03 10
08 12 15 21 26 03 10
05 10 11 17 31 04 08
04 11 12 15 16 04 05
03 26 29 30 32 01 07
09 18 21 25 30 05 11
04 08 09 15 20 03 04
02 03 06 15 30 05 09
06 10 14 18 20 02 07
01 23 29 31 32 06 10
13 16 18 23 27 01 12
13 17 21 24 29 07 08
08 12 15 24 29 07 11
03 17 19 21 25 01 04
02 06 12 14 19 05 09
02 04 10 26 32 06 07
02 03 10 11 15 09 10
04 07 10 12 29 07 10
04 15 16 23 26 05 12
01 17 20 23 29 03 11
01 03 12 16 31 09 11
11 18 23 28 32 06 11
05 08 14 21 24 08 09
19 21 22 31 32 02 06
06 19 27 28 29 01 09
09 20 26 29 30 05 10
05 08 21 23 27 01 06
03 20 23 27 29 02 09
07 08 14 19 30 05 12
06 08 17 18 19 02 10
02 13 16 17 26 01 07
03 08 21 25 28 03 04
02 04 17 20 21 11 12
07 10 14 25 27 06 12
12 20 22 30 31 08 12
03 04 18 20 27 02 03
15 19 27 30 31 05 09
09 11 12 16 23 09 11
08 10 12 17 22 02 08
02 05 07 18 19 08 09
01 08 11 15 24 03 06
13 17 19 22 31 03 12
09 10 19 27 32 02 05
03 07 08 16 27 02 12
05 07 10 22 31 03 05
09 11 18 22 23 05 08
04 10 11 21 29 01 10
01 09 10 11 18 01 10
03 04 10 28 29 02 05
04 15 20 23 24 05 09
07 17 26 27 32 08 12
14 18 26 27 29 07 09
01 04 10 11 30 01 02
05 07 10 20 32 10 11
03 06 17 24 25 01 07
02 04 19 23 27 03 08
07 09 13 16 22 10 12
02 21 25 28 31 01 08
04 13 21 28 29 02 11
01 06 09 14 30 02 07
12 20 23 28 29 01 03
06 09 15 27 30 01 09
08 12 18 21 31 07 09
01 06 18 19 25 03 09
06 10 18 29 30 09 10
03 21 22 30 32 02 09
12 16 18 23 28 01 12
18 22 26 29 30 02 09
07 09 13 16 20 07 08
02 03 10 19 26 07 10
01 04 08 15 20 07 11
05 06 17 19 21 05 12
04 10 20 24 27 02 03
04 09 18 21 28 01 10
05 09 19 20 27 05 09
04 07 12 14 18 11 12
01 02 04 15 23 04 12
02 07 10 12 30 04 08
02 03 20 26 32 06 09
05 06 07 26 29 02 10
09 20 23 24 28 04 11
10 15 18 24 30 07 09
03 09 15 16 32 06 08
01 15 18 19 23 08 11
07 15 22 28 32 09 10
05 13 22 23 31 03 04
01 09 11 17 31 10 11
02 03 04 09 24 06 12
12 19 24 27 30 11 12
15 22 24 26 31 02 08
03 05 16 29 32 01 08
11 18 20 21 30 03 08
02 11 14 21 31 03 12
05 14 19 28 32 01 02
04 09 11 12 18 02 03
14 16 22 24 26 03 05
11 13 17 26 29 04 10
05 17 22 23 25 09 11
02 13 22 24 27 02 08
04 15 22 23 27 03 10
13 17 19 21 31 08 09
06 12 19 27 32 03 08
12 19 20 25 29 05 09
05 09 14 15 22 03 04
03 04 16 17 26 07 11
04 13 14 23 27 02 11
06 08 13 20 22 03 05
01 03 10 13 20 03 09
03 09 26 27 28 01 03
03 04 10 11 31 10 11
02 08 17 25 28 06 11
12 19 20 21 24 06 11
02 06 20 22 25 10 12
07 11 16 18 25 08 11
04 11 27 28 32 03 09
04 13 17 25 32 06 12
04 05 24 25 30 04 09
10 13 21 23 28 04 07
04 22 23 29 30 02 07
07 18 24 25 32 05 09
05 13 16 26 32 09 11
03 04 08 12 19 01 10
03 06 13 15 23 08 11
06 08 16 17 26 01 08
01 08 20 25 28 07 12
01 09 22 29 31 06 12
07 19 23 30 32 06 09
03 08 10 13 19 03 08
01 15 17 19 21 02 03
05 11 15 21 29 01 10
03 09 21 27 30 08 12
13 15 16 25 29 09 10
13 18 25 27 29 03 11
14 15 17 18 29 05 08
03 04 05 16 22 01 09
03 07 08 12 27 01 05
03 04 18 20 30 11 12
06 10 14 18 27 06 11
04 11 19 25 32 05 10
01 04 06 07 18 02 10
01 04 09 23 26 03 07
15 16 17 22 26 01 05
16 19 20 27 31 01 09
06 08 14 17 26 04 10
06 21 22 26 27 09 11
01 06 09 11 14 02 12
01 05 09 23 24 05 07
04 06 09 10 26 08 12
01 08 10 11 22 03 07
12 18 20 25 26 02 07
04 15 17 23 24 08 11
04 11 17 24 32 03 06
11 12 17 25 30 01 08
03 07 11 18 31 03 06
01 05 08 23 26 04 12
02 03 05 11 30 07 11
06 20 26 29 31 08 09
13 14 18 24 31 02 11
13 18 19 23 27 09 12
06 07 25 30 31 04 05
04 23 25 28 30 02 08
07 13 14 15 17 03 04
02 10 23 27 29 03 05
13 15 21 26 29 05 06
02 03 19 21 28 04 06
08 11 15 16 29 04 11
03 11 12 17 28 07 08
04 10 25 29 31 02 09
07 11 15 20 21 03 04
04 09 20 30 32 02 03
17 23 29 31 32 05 10
07 11 12 19 24 04 06
21 25 28 29 31 08 09
02 15 17 20 21 11 12
01 09 19 22 29 03 07
06 15 24 28 32 08 12
01 08 11 24 31 11 12
01 04 18 19 32 05 12
10 11 22 30 31 01 05
01 04 18 21 22 03 09
07 12 21 22 28 07 10
06 22 23 29 30 01 10
16 19 20 26 31 07 11
03 04 20 25 28 05 10
07 13 21 30 32 04 11
01 03 12 18 24 01 11
11 19 21 27 32 10 11
01 08 18 23 29 06 08
01 02 20 25 32 02 08
08 12 13 14 22 05 12
16 19 22 26 31 02 05
03 15 17 23 28 06 10
03 10 16 24 27 02 04
01 02 09 21 32 04 06
13 15 16 17 21 03 04
06 07 18 19 24 07 12
18 20 21 24 27 06 11
05 18 21 25 31 06 10
06 10 13 16 28 05 08
02 08 18 30 31 06 12
14 18 24 26 31 02 10
09 10 14 16 30 07 09
01 03 05 09 23 01 12
01 04 15 27 31 01 12
06 08 11 22 32 02 12
06 10 12 30 31 02 09
07 18 20 21 29 03 07
05 06 16 19 23 05 07
03 04 15 18 25 07 12
03 10 27 28 31 02 09
08 13 22 24 26 04 12
01 05 23 24 30 09 11
02 10 16 22 23 09 10
03 04 14 21 28 02 10
09 17 19 31 32 07 08
02 04 19 22 24 03 04
01 03 06 11 13 06 08
02 14 20 21 23 01 02
10 12 16 20 22 06 12
08 10 15 17 30 06 08
05 13 16 28 32 01 07
10 11 16 18 20 01 10
05 06 07 22 28 09 12
06 07 15 20 30 04 07
03 05 07 09 13 01 08
01 02 09 12 13 06 07
01 13 18 19 20 04 11
07 17 24 25 27 02 07
03 21 25 27 29 05 07
09 12 14 16 22 03 07
04 12 21 26 31 01 07
07 08 13 16 30 02 04
01 02 15 19 28 01 03
08 10 11 16 19 09 12
01 02 12 15 20 05 09
03 14 19 20 28 06 09
04 09 18 19 25 04 07
08 12 16 24 29 01 10
04 10 11 28 29 07 10
01 07 14 23 28 01 08
01 04 05 10 19 08 11
22 25 26 27 29 04 05
02 03 05 19 25 02 06
01 05 09 26 30 06 07
02 16 26 27 30 01 08
05 06 19 22 27 05 10
03 06 12 20 31 08 10
07 10 14 19 31 08 10
02 03 10 16 27 04 06
02 14 24 25 27 04 06
01 19 20 23 25 11 12
02 08 14 16 19 01 08
06 08 19 22 32 04 09
02 15 18 28 29 09 12
06 09 14 27 29 05 09
07 09 15 21 24 09 12
07 12 19 22 31 06 10
03 10 13 22 29 01 03
04 05 07 22 27 06 10
02 11 21 22 30 04 06
03 04 07 10 32 07 10
03 16 22 24 25 02 07
06 10 24 30 31 01 02
02 09 13 19 29 02 06
02 08 14 15 19 09 12
02 08 13 20 21 02 03
03 22 23 30 32 06 08
15 21 28 30 32 03 08
05 13 15 16 18 04 08
05 07 16 22 30 02 06
09 10 22 25 30 04 06
01 03 14 18 32 05 11
13 16 17 21 28 05 07
01 14 26 27 28 02 06
04 05 12 14 22 06 07
02 04 15 16 29 02 03
05 12 18 24 30 07 09
01 09 17 19 23 03 06
01 02 07 20 22 02 10
02 08 09 18 22 09 12
03 04 16 24 31 06 07
06 07 12 26 28 01 11
05 08 09 12 30 05 10
08 11 12 15 28 03 08
04 12 20 23 26 07 09
02 10 14 19 26 02 05
01 15 22 23 24 02 10
09 12 18 24 31 07 12
11 12 14 15 22 03 10
09 10 15 30 32 03 12
01 04 11 15 19 06 11
05 08 15 17 28 06 07
02 13 15 19 21 09 12
16 20 23 30 31 03 04
05 23 26 27 28 02 12
09 11 14 24 31 04 09
01 07 13 26 30 06 12
07 10 17 19 24 05 08
05 09 14 19 27 07 09
01 06 15 18 19 06 11
01 05 14 21 23 11 12
06 10 16 19 22 02 10
03 08 11 20 31 01 12
01 11 18 19 32 02 04
11 15 24 26 32 07 08
04 05 14 17 28 03 10
08 18 24 25 32 09 11
02 06 18 25 27 06 09
03 10 29 30 31 02 08
04 08 15 20 28 09 11
06 25 26 27 31 11 12
16 18 19 28 32 02 03
09 12 24 28 30 03 05
04 06 15 27 28 01 12
01 04 10 14 20 02 12
04 09 23 24 27 04 09
01 12 19 22 27 04 11
03 09 10 15 23 05 11
10 11 19 24 27 04 12
05 07 10 16 22 07 09
10 19 25 29 31 06 09
06 18 20 23 25 05 06
08 18 26 30 32 05 10
07 09 14 19 27 02 04
17 18 27 28 32 01 04
04 14 18 20 24 06 11
02 10 12 27 29 10 11
02 08 11 12 14 09 12
06 14 20 22 29 03 04
05 10 12 20 27 01 10
08 19 21 22 31 06 08
03 15 19 29 31 03 08
03 11 12 22 24 10 11
06 07 27 29 32 03 04
05 07 17 21 29 07 11
07 08 11 29 32 03 05
02 09 11 14 30 07 12
01 19 24 25 28 06 07
10 13 16 21 22 01 09
05 12 19 26 32 06 08
03 06 09 13 26 08 10
04 14 21 29 30 04 11
11 13 20 22 31 02 11
06 13 15 19 20 04 12
15 19 24 29 31 06 10
01 02 12 29 31 03 09
05 06 11 20 29 03 11
02 13 15 27 29 08 09
04 05 15 24 27 06 10
05 13 15 29 32 06 11
02 15 22 26 30 07 09
01 08 19 25 27 09 12
18 20 22 23 28 01 06
05 08 16 21 30 11 12
05 08 20 26 31 09 12
04 10 21 27 32 06 07
01 03 05 29 30 03 09
02 06 17 26 32 04 06
07 09 13 28 30 07 10
01 08 13 27 30 04 12
01 09 27 29 31 07 08
15 19 20 23 30 01 06
01 08 20 26 30 01 02
06 12 14 31 32 06 09
04 08 09 13 20 09 12
02 07 09 14 32 07 10
04 05 12 28 31 03 10
09 12 13 16 23 01 04
10 16 17 28 30 01 02
01 15 22 25 32 09 12
02 10 22 27 30 05 09
03 11 15 18 24 08 11
08 10 19 20 24 03 09
03 07 15 25 28 06 12
02 12 15 24 32 06 10
05 11 12 17 30 01 02
01 06 07 13 14 03 04
07 11 21 25 26 01 02
12 17 19 28 30 01 06
02 14 18 25 32 02 11
03 06 16 18 31 06 07
06 11 15 22 29 03 08
02 03 10 24 30 02 07
03 10 13 26 29 02 12
03 06 08 14 32 06 07
06 10 17 21 27 07 12
02 05 06 08 19 02 07
12 18 21 26 27 09 10
11 17 18 20 29 04 05
16 17 19 24 31 05 06
09 14 17 18 21 08 09
02 19 27 29 32 03 10
09 19 23 26 27 01 12
04 06 08 25 27 01 09
04 06 18 22 26 04 05
06 08 11 28 31 06 10
01 02 13 15 30 08 10
05 08 09 19 31 10 12
03 16 25 28 30 04 05
06 11 18 21 31 01 10
09 11 16 21 31 08 11
07 13 15 17 29 01 11
05 19 27 28 29 04 09
04 11 18 22 24 02 05
14 18 21 25 29 05 08
07 12 16 18 29 01 10
02 05 06 29 31 10 11
03 08 10 11 25 04 06
07 14 21 22 23 05 11
03 07 16 27 28 05 08
01 20 26 27 31 07 08
02 06 17 23 24 01 03
19 20 27 29 31 02 11
04 10 21 24 26 06 08
04 06 08 15 18 08 10
09 24 25 27 32 03 12
08 13 15 17 28 07 09
16 18 20 25 30 01 04
08 15 18 20 32 07 08
07 11 14 17 32 05 12
01 05 11 13 19 06 09
03 13 15 23 32 08 11
07 11 13 14 21 04 12
06 07 13 21 26 02 09
01 02 12 28 31 01 05
11 19 21 24 29 03 10
04 05 23 27 30 10 12
04 06 15 17 30 07 09
05 08 11 17 19 01 05
05 12 20 22 25 10 12
04 10 25 26 29 01 07
08 09 17 21 28 08 10
03 06 21 27 28 08 11
02 09 10 25 32 11 12
03 04 18 22 30 04 06
09 11 15 24 26 01 12
01 05 07 16 17 04 05
04 10 13 18 30 04 07
02 07 20 21 30 05 08
02 04 20 29 30 08 11
05 09 11 18 28 08 09
05 08 19 25 32 06 11
10 11 12 23 27 02 12
10 14 15 19 26 04 12
12 23 24 26 29 02 11
03 09 10 22 28 07 11
06 13 22 23 24 05 09
07 13 14 19 27 03 11
09 11 18 23 28 03 06
07 10 11 24 30 05 07
03 11 13 18 28 08 12
12 14 15 21 31 05 08
04 23 24 27 28 01 03
02 10 15 16 30 03 09
01 04 09 14 28 02 06
07 12 21 25 32 05 09
01 10 26 30 31 03 10
10 16 26 29 30 01 12
14 15 19 24 30 02 06
06 13 17 23 27 08 10
04 22 23 28 31 07 09
01 03 16 17 30 08 09
09 10 15 17 29 05 09
08 15 17 20 26 08 12
06 17 24 28 30 01 09
06 11 12 13 22 06 10
05 11 18 23 32 01 05
05 12 18 19 26 01 08
07 14 16 20 21 01 04
01 02 04 06 28 01 05
03 16 24 26 29 05 06
07 10 26 30 32 05 07
05 15 16 18 25 02 05
02 03 07 21 27 01 06
14 17 18 29 30 07 08
01 03 09 29 30 04 09
02 04 18 22 31 07 09
04 17 28 29 31 05 11
03 10 14 23 26 03 04
02 03 11 21 27 07 10
02 03 04 07 14 02 05
08 17 25 28 29 01 06
03 05 10 14 27 05 09
04 06 08 14 23 05 10
03 04 06 10 18 05 12
01 08 09 14 19 03 04
04 08 22 24 27 03 09
11 12 22 25 28 08 09
05 07 08 22 30 01 02
02 03 08 13 19 01 05
04 19 20 21 26 11 12
07 15 17 26 32 01 03
02 11 12 21 25 01 10
09 16 18 22 28 07 12
01 02 12 27 28 01 04
01 06 21 23 29 08 10
02 06 09 13 27 03 10
06 18 19 28 30 04 10
06 18 19 27 29 03 08
03 08 12 18 28 05 12
01 03 08 13 18 04 07
01 03 22 29 32 02 09
03 04 18 20 24 08 12
01 05 14 25 32 04 09
01 02 11 16 26 04 08
09 11 17 18 27 10 12
02 04 14 16 19 05 12
04 09 16 24 28 08 10
06 08 24 28 32 04 06
03 10 22 24 29 02 12
06 15 22 25 32 02 03
10 12 19 26 29 07 11
05 07 17 19 29 03 08
17 22 25 26 32 03 07
21 24 25 30 32 01 12
22 23 26 30 31 02 06
08 10 12 14 21 05 07
03 08 13 28 29 03 06
02 13 16 24 30 07 08
04 11 12 13 20 01 04
02 21 26 28 31 05 06
01 16 18 19 31 04 06
02 19 25 27 32 01 03
13 24 25 31 32 04 10
07 15 20 22 31 05 07
04 10 19 23 32 04 08
04 05 08 14 27 04 12
07 16 18 29 30 07 09
01 03 04 08 23 01 08
04 18 20 26 32 04 05
02 11 14 15 31 07 10
08 09 18 24 29 03 04
01 08 09 19 25 03 11
01 06 11 14 19 05 09
06 09 11 18 28 01 07
02 10 22 26 31 02 08
02 11 14 20 27 08 09
09 11 17 27 30 04 07
02 05 18 19 29 02 07
03 05 21 22 31 04 09
01 10 20 30 32 02 12
18 20 22 24 28 07 09
04 08 14 18 25 07 10
02 16 18 24 28 01 07
01 02 17 27 32 07 08
02 08 09 23 30 04 07
04 06 11 13 22 06 07
06 21 26 29 31 06 10
03 16 22 24 29 07 09
06 12 16 18 26 02 08
04 12 15 19 25 02 12
09 11 23 25 28 02 10
03 05 25 30 32 11 12
01 02 13 24 26 02 08
05 11 22 25 27 05 08
04 07 17 24 28 07 09
06 15 24 28 32 03 08
03 08 18 25 29 05 06
15 16 18 20 30 06 10
02 18 20 22 25 03 08
13 20 27 29 32 03 06
06 07 17 26 27 03 08
06 15 22 23 31 08 09
10 14 19 22 31 04 08
06 10 11 27 32 01 07
06 07 09 25 26 05 06
06 09 13 14 21 05 06
02 03 09 19 27 11 12
01 13 22 31 32 01 05
02 03 08 12 23 07 10
03 04 08 11 28 08 10
03 06 09 28 29 01 11
17 23 24 27 30 03 11
03 09 23 28 32 01 08
02 03 09 22 27 02 08
01 07 10 22 23 05 07
01 05 09 20 32 06 11
03 09 20 21 26 05 06
05 09 15 18 29 10 12
03 08 12 22 26 02 04
14 16 20 22 24 10 12
01 02 17 22 26 05 07
04 07 13 16 27 02 08
